0,413
0,412
0,411
0,410
0,409
0,408
0,407
0,406
0,405
0,404
0,403
0,402
0,401
0,400
29,3
29,2
0,399
29,1
29,0
0,398
0,397
0,396
0,395
0,394
28,4
28,3
28,2
28,1
28,0
0,393
0,392
0,391
0,390
27,4
27,3
27,2
0,389
27,1
27,0
0,388
0,387
0,386
0,385
0,384
26,5
26,4
26,3
26,2
26,1
26,0
0,319
0,318
25,3
25,2
25,1
25,0
0,317
0,316
0,283
24,3
24,2
24,1
24,0
11,4
8,8
8,10
8,9
8,7
8,5
9,5
4,41
4,26
7,15
7,14
7,8
7,12
17,2
17,1
17,3
15,2
15,1
15,3
16,2
16,1
16,3
13,2
14,2
4,40
4,16
4,17
4,4
4,34
4,73
4,15
4,90
4,25
4,11
4,1
4,5
4,2
4,3
6,6
6,7
6,4
6,5
6,1
6,8
6,2
6,3
7,10
7,7
7,4
7,13
7,9
7,1
7,5
7,2
7,3
5,4
5,2
5,1
5,3
23,52
23,51
23,50
23,49
23,48
23,47
23,46
23,45
23,44
23,43
23,42
23,41
23,40
23,39
23,38
23,37
23,36
23,35
3,2
3,1
3,3
10,5
10,108
10,161
10,147
